25 -63307
37 -138091
23 -53643
48 -231943
81 -658699
27 -73771
83 -691563
35 -123627
5 -2667
35 -123627
18 -32983
6 -3799
93 -867883
99 -983275
22 -49111
74 -549975
45 -203947
13 -17323
89 -794955
21 -44779
19 -36715
28 -79303
34 -116695
87 -759691
81 -658699
68 -464583
59 -349995
21 -44779
95 -905547
65 -424587
52 -272071
47 -222411
50 -251607
72 -520711
10 -10327
83 -691563
62 -386391
32 -103431
86 -742359
20 -40647
42 -177751
87 -759691
46 -213079
61 -374059
67 -451051
70 -492247
55 -304267
23 -53643
48 -231943
21 -44779
96 -924679
45 -203947
57 -326731
16 -26119
27 -73771
26 -68439
14 -20055
46 -213079
62 -386391
58 -338263
56 -315399
15 -22987
62 -386391
38 -145623
67 -451051
29 -85035
4 -1735
26 -68439
43 -186283
53 -282603
31 -97099
5 -2667
1 -139
92 -849351
58 -338263
81 -658699
60 -361927
5 -2667
34 -116695
29 -85035
78 -610903
81 -658699
41 -169419
40 -161287
33 -109963
10 -10327
57 -326731
91 -831019
28 -79303
66 -437719
0 -7
6 -3799
23 -53643
67 -451051
56 -315399
69 -478315
94 -886615
93 -867883
29 -85035
45 -203947