5 14
16 201
12 105
41 1526
26 581
11 86
50 2309
20 329
64 3849
48 2121
86 7061
30 789
29 734
78 5781
34 1029
36 1161
92 8105
27 630
54 2709
85 6894
65 3974
49 2214
43 1686
64 3849
32 905
40 1449
3 6
98 9221
28 681
17 230
15 174
93 8286
46 1941
53 2606
80 6089
12 105
19 294
81 6246
72 4905
12 105
46 1941
35 1094
36 1161
24 489
87 7230
67 4230
87 7230
81 6246
72 4905
48 2121
30 789
4 9
23 446
46 1941
48 2121
18 261
30 789
72 4905
26 581
47 2030
63 3726
10 69
39 1374
54 2709
46 1941
51 2406
6 21
68 4361
81 6246
25 534
41 1526
68 4361
12 105
98 9221
30 789
0 9
19 294
66 4101
44 1769
19 294
30 789
95 8654
47 2030
15 174
6 21
66 4101
86 7061
65 3974
98 9221
99 9414
27 630
36 1161
81 6246
37 1230
63 3726
30 789
59 3254
15 174
23 446
43 1686