81 10035517
59 5270317
89 12145117
99 15064717
96 14155867
17 393277
96 14155867
97 14455677
56 4738267
14 256867
9 92317
71 7681117
15 299197
41 2501917
36 1913467
47 3311677
80 9785947
13 217677
24 821467
9 92317
6 31267
1 -7683
69 7247917
57 4912477
42 2629027
26 972067
4 6267
49 3606717
84 10803067
54 4399267
32 1499227
0 -6053
45 3029197
25 895197
87 11598877
29 1221517
54 4399267
83 10544077
26 972067
51 3914317
52 4072827
68 7036027
14 256867
82 10288227
91 12703917
40 2377947
8 68827
72 7902427
17 393277
96 14155867
16 344667
0 -6053
10 118947
7 48477
50 3758947
35 1805197
82 10288227
2 -6173
6 31267
25 895197
12 181627
50 3758947
23 750877
37 2024877
85 11065197
22 683427
54 4399267
93 13275277
44 2892667
57 4912477
69 7247917
78 9296227
61 5640717
7 48477
50 3758947
76 8819067
0 -6053
62 5830627
6 31267
28 1135227
9 92317
57 4912477
5 17197
34 1700067
87 11598877
51 3914317
27 1052077
9 92317
66 6621667
89 12145117
10 118947
33 1598077
50 3758947
81 10035517
70 7462947
32 1499227
37 2024877
0 -6053
25 895197
93 13275277