90 158040
36 26226
16 5526
86 144476
59 68822
21 9276
48 45942
83 134702
82 131520
69 93612
86 144476
26 13976
2 80
15 4890
32 20870
91 161526
26 13976
78 119172
35 24830
31 19626
28 16122
46 42276
69 93612
94 172212
99 190782
52 53730
99 190782
42 35400
85 141180
78 119172
25 12960
61 73476
26 13976
59 68822
11 2726
77 116180
70 96300
6 876
4 402
27 15030
5 620
19 7662
21 9276
33 22152
45 40500
12 3210
87 147810
26 13976
44 38762
78 119172
86 144476
24 11982
49 47832
2 80
71 99026
26 13976
74 107432
99 190782
92 165050
16 5526
60 71130
98 186992
44 38762
27 15030
79 122202
80 125270
78 119172
78 119172
89 154592
6 876
11 2726
78 119172
50 49760
15 4890
49 47832
87 147810
77 116180
67 88350
66 85776
20 8450
42 35400
41 33776
46 42276
54 57852
35 24830
2 80
56 62126
94 172212
18 6912
57 64320
36 26226
71 99026
98 186992
26 13976
39 30642
63 78282
2 80
63 78282
28 16122
12 3210